==============================================================
 K 	   H[K]   	   DTF[K]   	   DQF[K]   	   ERR[K]   	
--------------------------------------------------------------
 0	  0.320000	1.01352494e-01	3.16726545e-01	1.00000000e+00
 1	  0.160000	5.19597389e-02	3.24748368e-01	8.02182375e-03
 2	  0.080000	2.63173083e-02	3.28966354e-01	4.21798565e-03
 3	  0.040000	1.32452268e-02	3.31130669e-01	2.16431478e-03
 4	  0.020000	6.64454272e-03	3.32227136e-01	1.09646718e-03
 5	  0.010000	3.32779009e-03	3.32779009e-01	5.51873334e-04
 6	  0.005000	1.66527932e-03	3.33055864e-01	2.76854545e-04
 7	  0.002500	8.32986304e-04	3.33194522e-01	1.38657744e-04
 8	  0.001250	4.16579885e-04	3.33263908e-01	6.93866163e-05
 9	  0.000625	2.08311635e-04	3.33298616e-01	3.47077599e-05
--------------------------------------------------------------
ANS = 0.3332986159329407
==============================================================
