==============================================================
 K 	   H[K]   	   DTF[K]   	   DQF[K]   	   ERR[K]   	
--------------------------------------------------------------
 0	  0.320000	3.14986671e-02	9.84333346e-02	1.00000000e+00
 1	  0.160000	1.58733492e-02	9.92084322e-02	7.75097666e-04
 2	  0.080000	7.96816965e-03	9.96021206e-02	3.93688388e-04
 3	  0.040000	3.99202127e-03	9.98005317e-02	1.98411124e-04
 4	  0.020000	1.99800266e-03	9.99001331e-02	9.96013952e-05
 5	  0.010000	9.99500333e-04	9.99500333e-02	4.99001747e-05
 6	  0.005000	4.99875042e-04	9.99750083e-02	2.49750219e-05
--------------------------------------------------------------
ANS = 0.09997500833024296
==============================================================
