==============================================================
 K 	   H[K]   	   DTF[K]   	   DQF[K]   	   ERR[K]   	
--------------------------------------------------------------
 0	  0.320000	1.48420005e-01	4.63812516e-01	1.00000000e+00
 1	  0.160000	7.69610411e-02	4.81006507e-01	1.71939911e-02
 2	  0.080000	3.92207132e-02	4.90258914e-01	9.25240732e-03
 3	  0.040000	1.98026273e-02	4.95065682e-01	4.80676799e-03
 4	  0.020000	9.95033085e-03	4.97516543e-01	2.45086025e-03
 5	  0.010000	4.98754151e-03	4.98754151e-01	1.23760845e-03
 6	  0.005000	2.49688020e-03	4.99376040e-01	6.21888614e-04
 7	  0.002500	1.24921940e-03	4.99687760e-01	3.11720455e-04
 8	  0.001250	6.24804769e-04	4.99843815e-01	1.56054901e-04
 9	  0.000625	3.12451182e-04	4.99921891e-01	7.80761984e-05
10	  0.000313	1.56237794e-04	4.99960942e-01	3.90502967e-05
--------------------------------------------------------------
ANS = 0.4999609415687894
==============================================================
