======================================================================
 k 	   X[k]   	    Y[k]    	   REX[k]   	   REY[k]   
---------------------------------------------------------------------- 0	3.1400000000	9.99203990e-01	5.06957383e-04	7.96644031e-04
 1	3.1420000000	1.00020369e+00	1.29662389e-04	2.03652467e-04
 2	3.1416000000	1.00000367e+00	2.33843500e-06	3.67319836e-06
 3	3.1415900000	9.99998673e-01	8.44663865e-07	1.32679578e-06
 4	3.1415926500	9.99999998e-01	1.14266657e-09	1.79489657e-09
 5	3.1415926530	1.00000000e+00	1.87736976e-10	2.94896663e-10
 6	3.1415926536	1.00000000e+00	0.00000000e+00	1.11022302e-16
======================================================================
